[PAGE_SETUP]
BOTTOM_MARGIN=0.300000
LEFT_MARGIN=0.300000
PAPER_SIZE=9
PAPER_SOURCE=15
RIGHT_MARGIN=0.300000
TOP_MARGIN=0.300000
